Year    terrorism   terrorist occupation  narcotic  violation   democracy development
2000       0            0         0            0       0           0          0
2001       0            0         0            0       0           0          0
2002       0            0         0            0       0           0          0
2003       0            0         0            0       0           0          0 
2004       0            0         0            0       0           0          0
2005       0            0         0            0       0           0          0 
2006       2            0         0            0       0           0          0
2007       12           2         0            0       2           0          2
2008       36           4         2            2       2           0          2
2009       479          21        15           1       0           0          9
2010       122          22        92           18      10          1          8
2011       484          41        104          6       33          0          30
2012       237          45        109          5       15          0          76   
2013       850          84        527          4       43          0          35
2014       495          114       383          78      66          0          124                